1.152429 -1.686582 2.844982 0.8622713 0.9782557
2.599313 1.211507 5.717161 0.4846056 1.591241
4.590923 -0.3267974 0.9867109 1.44449 2.512921
2.333635 3.100047 6.284641 0.644892 -1.198555
0.5619393 0.8109571 1.099082 3.061906 1.012005
2.673386 0.8504573 1.485513 1.771807 2.853052
2.233475 0.5197709 1.557889 1.196953 3.716549
0.4331975 1.276445 0.3581668 1.44304 -1.641734
-1.155074 0.5054656 0.4792114 2.97812 1.30789
2.46623 1.063312 6.95142 1.732332 1.625547
2.435116 -0.1380307 2.265217 1.033344 -0.6383585
1.098978 1.090146 0.575603 4.016416 0.1610943
4.649553 0.7288489 2.319477 0.5811975 7.396442
0.8360779 0.7130237 -0.02416654 1.820198 -0.6870411
-0.1427988 3.082879 0.1517439 1.170022 1.12832
1.375516 2.227557 -0.128289 0.6927615 2.714805
2.880665 1.098437 0.7597575 0.9098027 1.359318
2.978083 -0.9001582 5.589536 4.731654 -0.3412952
0.05930403 1.979316 4.934387 1.953966 1.156278
2.705203 3.431046 0.251222 0.5409958 -1.09663
1.062329 1.474108 0.02042333 5.845978 2.367217
4.368001 1.968827 1.987982 -0.1588236 0.6294881
2.59736 -0.1198891 1.202035 0.8896605 0.8257148
0.9773196 2.69835 2.56484 0.01491729 0.4259988
2.046603 1.075316 1.536322 1.14247 3.860663
2.702549 0.777671 0.7441069 0.9741693 2.102266
5.615132 1.494902 1.047963 -1.403046 1.449762
-0.1423607 0.1514857 3.255594 -0.01885102 0.7290326
2.496354 3.243471 1.148378 0.1498422 0.6715627
0.08027252 1.181335 -0.3005939 5.150463 2.446147
1.102162 1.587754 0.8275438 0.3447911 0.9747913
-0.3919464 4.063612 0.7111937 2.109626 5.187872
2.086975 1.664472 0.1569883 2.190764 1.17835
0.7056487 0.9373856 -0.6189561 0.8734829 0.5118301
-0.09184555 6.139173 1.061661 2.582549 1.232246
4.729475 -0.7469699 1.155741 1.431458 0.3121824
2.533024 0.4361359 1.414189 -0.5431623 1.552663
-0.2532248 1.432824 1.465005 0.8128231 0.9091963
-0.08247041 0.7519281 1.836134 1.559084 1.061069
4.159163 2.043738 1.852488 1.827575 0.3599494
1.434071 3.865647 -0.6067835 1.6402 2.426124
4.374209 1.180933 2.445203 3.408649 5.334355
11.82839 3.684105 2.043457 0.07991788 -0.1668084
1.965961 1.139206 -0.05400126 1.393222 -0.7169879
0.3810651 0.9856692 0.6215452 1.016576 2.756058
-0.6543565 1.534141 1.827283 3.40831 1.900395
1.044917 -0.485806 0.4279084 -0.1477381 3.737192
0.986997 1.993908 2.771762 1.048977 4.455827
0.6361967 2.238087 1.684464 0.8311616 6.932065
0.3819739 2.684958 -0.04384881 4.092001 2.943921
2.505561 -0.4948001 2.220172 1.38573 1.187609
3.53047 3.245043 0.9940549 1.811103 3.280586
1.341693 1.570537 2.055697 2.112205 5.045881
3.435445 2.288176 0.4453155 3.046126 -0.1665765
0.4561158 1.63797 1.987445 0.8064671 1.569609
3.381785 1.611488 2.098701 5.156853 1.201102
0.7174383 0.5397887 2.301897 5.721339 2.522812
5.886515 1.227022 -1.445628 3.564676 0.3392759
1.423712 0.6303759 -0.9885397 0.04849287 -0.5274717
0.2168573 0.639823 2.096679 0.6573471 2.201073
-0.942418 1.927416 3.588466 4.819017 2.44937
-0.224946 1.910919 3.144561 3.991345 -0.5378398
1.320774 0.3789791 1.707713 -1.402434 1.93528
0.3981861 2.451333 1.158884 4.193564 0.9159407
1.567008 3.067335 -0.1162656 0.09459518 -0.4598151
0.3959879 2.304667 1.19878 2.126073 0.6178947
0.2518524 1.164538 3.098419 2.466035 0.0659281
2.893918 0.1324025 -0.01931237 0.96542 0.188956
1.222155 -0.8666159 0.2735888 0.4206296 -0.2041438
2.377469 -0.3030047 -0.01219083 -0.06846909 1.720924
1.650629 1.519719 1.653356 1.07502 3.972269
5.913375 2.542409 1.957531 7.734541 0.8650576
1.347307 1.813533 5.423828 0.914823 0.9087359
2.252154 4.469925 4.748718 2.052228 6.248729
0.6165027 2.0335 -0.7979444 4.3494 2.838866
2.477664 2.365101 1.622491 1.031274 -0.6726927
0.6924105 -1.196983 3.77567 1.988275 -0.3145697
1.072934 0.7433111 1.450141 0.367546 -0.09740916
1.423942 0.2673734 -0.01347969 3.230689 1.288201
1.092308 1.16068 -0.07134722 -0.8243518 3.49567
0.7311734 1.937232 3.170238 1.906947 -0.3812439
1.486034 2.767722 1.346099 1.986734 1.075629
3.812979 2.14618 -0.1943923 0.8588802 -0.3131595
0.001216081 2.329319 3.765821 0.6088737 1.179749
4.011155 -0.05536927 6.133109 0.5788153 0.9863358
-0.1621639 -0.464875 1.755535 -2.431247 2.792026
2.039302 -0.6870152 -0.2302419 4.898035 2.755108
0.01704929 0.9309968 0.1476127 2.599849 0.3551785
1.624535 1.095945 3.054875 -0.2040323 0.7752245
2.609782 3.91746 -1.098803 -1.502964 2.431916
3.583746 2.200554 2.92122 1.253749 0.7810931
2.642089 2.144114 0.6325452 2.802549 -0.1860006
-0.08638538 2.420913 4.243439 5.16715 3.370969
1.086513 -0.1735383 0.3073495 0.08850762 1.359863
1.453634 1.68605 0.5871764 4.249506 4.769784
1.085444 0.8791502 -0.5145959 1.364632 1.974964
2.708615 1.314013 -0.0915042 0.4410825 3.903565
1.348893 0.5570238 0.4321906 -0.03978645 -0.539997
0.07799431 0.2480651 0.8294579 2.536182 3.189412
1.127974 1.207439 0.5565127 1.22631 0.5170569
-0.8411148 -0.2945173 1.559211 3.958044 0.6858672
1.450883 3.755809 -0.3037483 1.083455 0.07052965
7.132812 1.192645 0.7245235 2.123781 0.83178
1.2526 3.512924 0.3584282 1.269766 1.054275
-0.004727871 1.018292 1.137739 7.067336 0.3142363
6.574239 1.00831 3.413268 -0.2250604 1.457542
0.4099247 -0.04510667 0.7168977 -0.4800574 3.209228
-0.1997141 6.979523 1.240413 0.3545741 1.559858
1.386818 1.833244 3.524254 1.873692 -0.01613894
0.9941154 -0.6038712 1.071319 0.9475298 0.5861212
0.1373216 1.35839 2.319885 3.626092 4.441712
2.130674 0.3018021 0.9187625 2.045632 1.250774
2.780022 4.286425 2.783485 0.05584056 3.153389
0.4766981 4.500825 0.3302242 -0.4275576 1.274174
2.983546 3.984099 3.727389 1.807986 0.641309
0.8019837 5.638766 1.001399 3.397213 0.7705384
1.871193 1.211107 0.02008336 0.1752103 2.431434
1.094139 0.3447926 0.846465 0.9513594 1.371882
4.487796 1.174781 1.111981 2.556645 2.117587
4.760101 -1.769262 0.8579655 1.435525 4.654518
3.250453 0.4015548 0.7819034 3.628177 6.736555
1.639867 1.226644 3.001022 0.7135777 3.410211
1.887628 3.915046 -1.370225 2.955641 -0.0555803
2.906167 4.700325 0.05439824 0.3236848 1.637927
0.923058 2.715236 1.598696 -1.998902 3.249688
4.053846 0.4847932 0.6338441 2.720034 6.311397
-0.9117969 1.591076 1.038003 0.3543716 5.384294
-1.353186 2.846758 1.02403 0.6106773 0.317473
1.824033 6.956307 -0.0382475 3.979345 0.5352862
0.4609071 0.4577675 0.1160343 2.207322 0.6922288
1.591596 2.16012 6.959283 1.114664 0.1876123
1.207392 3.546466 2.037981 2.945368 0.2314758
-0.7809756 1.565689 -0.6107406 0.625422 1.709784
0.3100742 1.098672 2.031413 0.4660807 3.612064
1.232933 -1.063672 1.956654 2.911244 -0.3880636
1.373045 4.314722 4.092062 0.5631923 2.143377
-0.2231457 0.5904761 3.385189 1.496645 1.811206
1.352347 2.373087 2.761247 1.600116 1.54278
1.554047 1.268669 0.6881793 3.688817 0.3403039
-0.756133 -0.3998661 2.350675 5.343705 0.9138638
0.2392339 2.624138 2.203383 4.359287 0.3278402
6.746575 5.913053 2.461668 0.761936 1.973547
2.845778 0.7942831 1.098984 1.30233 1.785076
2.132127 2.353908 -0.8254247 0.9691914 -0.6204343
1.263041 1.327481 -0.9851518 -0.08814606 0.3719969
-0.3044297 -0.124521 6.375709 0.4380595 -1.145825
1.513971 4.921252 1.012803 3.777358 -0.2983988
-0.2110109 1.955413 -0.6414536 3.590485 0.8757064
3.911465 3.856878 0.9769913 1.270929 -0.1998244
1.986198 -0.8150997 -0.4014518 0.1811682 0.2528354
2.684813 -0.1547934 3.091187 2.144047 1.836874
0.3244257 1.426304 3.484877 0.3140245 2.309801
2.364247 0.5556309 1.01159 5.290021 0.8936205
0.8124666 1.482736 3.762244 1.1997 3.282427
3.526868 1.878625 3.916421 5.746827 -0.6769428
0.3015876 4.4541 0.9614542 0.03490832 0.4111064
3.292195 1.066743 -0.05958759 0.7702171 1.169505
-0.1160641 1.285804 2.764271 -0.280594 1.2778
3.276228 1.770611 2.421826 -0.1906724 6.251538
0.4762194 1.104141 -0.8881738 0.3274496 0.4975421
1.413242 1.409117 1.965077 1.418088 -0.2633883
0.7930553 0.6478521 0.7350566 2.322269 5.375537
2.505627 6.240917 -0.4838931 1.527076 1.444836
2.664003 1.392806 -0.265613 1.536065 1.466828
1.86053 1.461612 0.6403796 1.541849 0.9729323
1.777074 -0.477984 3.947065 0.6588784 -0.3551545
0.7289248 -0.2548164 2.910245 3.854288 0.6784457
0.9922413 2.253711 1.399953 3.091395 1.148052
3.648141 1.569336 1.407784 -0.08435087 0.6501025
0.3168754 0.2275316 2.825998 -0.07762739 -0.1986295
-0.3306319 2.292797 3.901128 1.875789 0.9329022
0.2119432 -1.230001 1.622577 -1.113145 -0.4995546
2.031026 0.5148544 0.957308 0.4712501 3.962339
0.2644034 0.1600176 8.114241 2.921305 2.32938
4.9429 2.322246 0.9504955 -0.4576168 0.9242891
-0.11914 5.007634 1.075756 0.8068768 2.969638
1.618152 0.41311 3.529023 0.734857 1.296151
3.543308 0.2368304 1.379899 3.723396 -0.3086067
4.256962 0.7236155 2.60129 -1.518176 3.962946
0.3450068 0.5503961 6.165234 0.8241993 2.180355
6.286292 0.8239888 -1.010866 -1.136931 0.2495983
4.305751 1.033187 2.053013 2.192878 0.8171888
2.379365 8.382237 0.4130391 1.548895 1.901805
1.026857 1.967598 1.655724 0.2540045 0.5785228
-0.08821392 2.21154 3.744448 4.764315 2.931458
1.603598 3.10198 -0.3611758 6.897478 6.935724
0.5122442 0.9853525 -0.5259937 0.07886551 4.864998
1.886236 1.661194 2.002275 1.159895 2.253905
2.074739 3.8497 1.262112 0.6791823 2.308647
2.576581 -0.012778 0.9961678 1.700509 1.24563
1.310469 1.986294 4.481356 1.042864 1.621599
3.887319 1.61521 5.571221 -0.5789203 1.001917
-0.5829915 1.931501 -0.7962172 0.6361508 0.357124
0.5623884 1.303301 1.728808 1.606971 0.6195853
0.7646342 -0.6902952 1.843318 0.6026188 2.354367
0.5399351 1.886143 -0.8496806 0.8062949 1.704628
0.7680702 1.064529 2.152041 0.7620688 0.1173772
2.422115 -0.8571866 -0.2133225 0.4287419 2.635421
-0.3649419 1.332291 -0.9813629 -0.6964819 2.879498
3.192087 1.29566 0.03230559 0.8316555 3.337457
