1.709505 1.14344 2.139568 0.3224199 -0.4907451
4.786218 3.46105 3.173007 2.789232 6.834633
0.3565341 5.58523 3.958993 1.26499 1.580873
2.100123 3.377597 2.724454 7.615717 1.906577
3.399027 1.724019 2.479586 3.17392 4.068579
3.35315 2.961997 0.6703841 4.001401 6.058202
3.191983 -0.03005322 0.9757586 0.9249128 3.98052
0.2932538 3.201572 6.539672 0.6998224 1.255
1.977737 4.077031 1.414656 5.54945 0.8907671
2.924986 3.416908 3.888179 2.451856 11.03945
3.733405 6.551415 1.069001 2.635073 4.304887
5.899465 6.26222 1.916871 4.621134 2.493909
2.820347 5.742405 2.05163 1.93649 1.524703
2.26387 3.454166 0.573669 4.508506 6.120406
4.694111 0.7039078 2.607806 5.08898 1.117937
1.243696 5.511936 5.157427 5.669433 6.896412
2.886585 5.396702 1.918214 2.340875 7.94821
5.21443 4.732832 4.863379 7.10317 0.7989834
0.453187 2.658883 0.8471272 5.828286 1.359448
3.898949 2.342978 4.364137 2.244336 2.952081
2.739379 2.121348 7.203279 2.043645 3.195397
2.155887 1.435102 9.797929 1.15819 2.899458
1.819106 1.711754 10.8833 4.782747 10.47609
3.467135 5.267397 7.475621 3.029359 15.59598
2.733815 3.978215 5.793366 0.9314057 3.006494
7.435553 6.088414 3.9148 5.876947 3.946841
3.520629 12.2759 4.542802 0.06383128 0.6382488
10.32852 4.706888 3.236497 4.879378 4.079633
5.336438 2.60351 3.24374 5.069441 1.00976
2.153415 3.180669 1.903541 1.271209 1.31076
4.414402 1.698888 1.275975 2.445488 3.169473
5.784994 8.012694 0.393605 12.08698 4.236074
1.861987 2.85261 4.251971 10.82646 0.8362815
1.067327 1.441088 2.048081 3.024886 4.811962
3.349611 8.507658 3.270452 2.05044 5.128165
3.979328 6.133069 3.927058 1.371588 3.225621
5.844392 2.397027 3.74052 3.797615 1.602612
0.454477 2.238931 5.109406 11.69096 4.702553
2.115867 4.779228 3.675788 8.492558 4.30194
1.723265 2.303422 6.017883 2.003335 1.361675
3.209263 6.313624 3.134855 2.260251 11.22304
1.991152 7.353639 7.944117 6.784707 0.6813928
0.7873917 3.336532 1.619234 6.409372 2.315008
1.081897 1.219647 2.06722 6.126768 0.3764125
1.463012 0.8044439 8.032308 2.536951 5.612898
4.945439 4.036926 6.577471 1.968899 11.12609
7.789711 4.214264 5.949757 3.26893 1.294401
1.374011 0.8281924 0.1654028 3.625096 2.49531
2.554292 4.947978 4.450116 1.822251 1.483681
4.589785 7.753208 4.047814 5.093417 0.3192518
5.29243 9.53133 -0.1004939 1.325274 0.8652391
2.505023 3.717037 3.606433 2.243653 3.340122
4.755081 0.4455869 0.6339644 17.78074 6.619996
-0.1479369 1.379654 1.728169 6.801216 0.6011829
5.195778 1.7304 4.339946 5.364784 3.125095
0.902236 1.218062 4.280491 1.30568 6.450415
5.886622 2.597645 8.544976 2.07031 3.045866
11.06068 0.8343487 2.481278 2.956602 2.241307
13.68892 1.693516 4.038555 7.82193 2.689583
4.221223 2.692002 1.089372 4.974579 1.560473
3.051654 6.851029 -0.04661027 4.503239 9.736589
3.683863 4.854225 5.772015 5.301407 1.351609
15.66744 3.368972 3.072874 5.486144 6.870793
2.165197 1.297513 5.780297 4.016904 2.459646
1.467966 2.877558 2.868511 1.886667 8.396164
7.734707 1.279318 3.760852 3.942709 1.832509
4.450206 4.725841 5.960665 3.691052 0.7922761
0.6534108 4.33267 7.740858 1.724897 1.83472
0.9178287 9.014671 0.5486351 2.274876 2.908691
3.969947 2.838544 3.82205 2.523261 2.735127
1.711497 4.522598 4.495979 1.816582 9.462966
2.069962 3.075317 5.850577 2.400255 2.571871
3.647498 3.301991 11.1936 6.312749 7.364116
3.830794 1.163413 6.965291 3.759709 3.019058
1.449167 2.134913 4.588543 3.31387 1.557946
2.252412 2.333076 3.054336 8.500605 6.616576
1.437416 2.171555 6.664838 3.771186 7.365173
5.822739 9.07746 2.156425 4.541845 5.416706
6.976092 2.538139 6.885897 5.526863 0.8121011
2.832288 2.722457 4.43217 1.435034 0.4677382
1.904691 4.078177 6.262649 0.929631 2.316384
2.182273 2.254855 5.489189 7.224751 1.40528
3.062947 1.781574 0.6429289 0.9854427 2.11964
2.445072 3.273522 7.138333 2.328149 5.534758
4.844549 3.217865 1.218847 1.982374 0.8775096
1.327 9.227313 3.247099 1.02974 1.295302
1.722083 2.814661 1.713155 6.966527 2.831925
1.267624 4.995464 5.831131 3.267528 2.290196
2.48087 8.30735 4.983877 0.9623749 3.161677
4.048008 2.961844 2.119393 1.237872 5.183094
2.877538 5.119952 6.922525 3.743503 6.602737
4.734299 1.953772 4.926902 9.107296 0.8853504
4.44663 9.399969 3.166367 5.505911 14.87353
1.554131 2.479209 5.23612 2.015357 2.114528
7.183546 0.9604171 3.224027 6.319866 9.602399
4.757436 2.191529 5.284167 2.232208 5.321839
1.087484 1.233269 3.105869 3.319805 3.615648
2.279732 3.995663 3.131453 5.33623 3.40983
7.250024 5.471322 1.711824 1.559134 -0.1051762
1.274319 4.988268 3.919002 -0.6456066 4.930996
10.3248 5.06864 1.680479 1.897091 6.854963
9.623548 3.968959 2.805107 4.293597 1.450455
3.154602 0.1436364 0.6799566 5.065845 2.62989
2.714956 1.416284 1.348123 4.575106 4.837867
5.414207 6.638623 4.786726 2.80433 0.7870208
8.010284 3.230675 4.998587 3.141202 3.386393
0.3757777 0.9258059 0.8872643 3.326583 2.562402
2.931644 0.5845644 4.829123 12.99704 1.152941
2.401684 4.36029 10.9416 7.70529 1.283244
2.071888 4.720666 3.288987 3.238023 6.162447
3.318026 0.8880932 1.029733 4.597551 0.8104454
1.500056 7.071635 3.997124 0.7072183 4.724377
1.787881 1.81245 3.14502 5.312339 2.744555
3.385589 2.901415 2.55365 0.6920382 6.700171
0.4206402 1.196178 2.612953 2.947088 3.842939
2.548518 8.149361 2.363229 3.013628 3.995324
8.142865 4.646509 2.990398 2.119412 1.535776
4.59735 3.394162 6.046431 9.88231 0.02304307
10.34114 4.90087 6.19751 1.843862 4.126377
0.1948303 2.625358 1.09851 2.421201 3.618142
1.959893 6.622727 8.028806 4.068697 1.996427
2.30021 0.4777852 4.360385 4.599854 1.508194
6.588518 1.236058 2.487576 3.564011 1.13041
-0.3676619 0.1206765 24.33037 -0.04573669 5.133008
3.117738 9.528651 1.645917 1.945621 3.429844
4.80516 1.566844 3.017686 2.478346 3.013875
0.1890049 2.24671 2.073398 3.564398 6.636331
1.608055 4.133634 2.851936 2.422926 6.325425
4.291663 2.670384 1.032127 2.641739 8.455437
8.418864 7.413403 1.73783 5.305839 10.16091
4.247055 1.541505 5.420967 6.095335 0.7489265
2.307289 3.016515 1.520528 3.658353 2.311144
3.120686 5.378406 8.866013 1.721749 2.986619
6.323314 4.563865 1.96383 2.307104 1.515139
5.734731 1.599189 0.2739654 2.301086 2.801416
0.8878935 2.949327 3.984668 1.422735 5.558823
0.9081946 2.189555 5.841958 0.7533075 4.750835
3.382077 0.6785406 15.38513 7.048897 7.022057
2.584221 7.7287 4.842674 2.687203 2.160751
5.567335 3.249153 2.079103 3.396815 5.509775
1.578276 2.534189 2.105507 6.868637 3.138867
2.025641 1.432966 0.8792229 4.624841 5.198836
7.486151 8.653361 1.991946 8.738227 4.851525
3.161623 3.986138 6.318688 2.477061 3.07528
-0.1507146 3.446268 6.299167 3.812172 3.665017
6.889621 0.8239182 5.315531 1.585026 4.09032
0.6318341 1.41953 1.90103 8.035581 8.085381
13.00029 4.877102 7.48076 3.212456 1.444121
3.543868 9.028378 4.458063 5.492905 5.216577
1.260573 2.277992 1.795086 0.5774158 1.609371
6.813732 2.695511 4.463832 0.5709704 0.886957
6.470294 1.557023 0.2795874 1.692805 5.952011
2.951213 -0.2207612 4.002089 2.658831 4.249293
6.205924 9.982029 2.601976 1.875126 2.356214
4.193025 8.19911 2.080985 12.16116 1.793494
5.059743 1.742958 3.523841 0.8521982 6.989506
1.101217 1.043581 1.175483 5.360981 5.662799
1.316479 1.640694 3.300963 8.645042 4.382262
2.883988 1.830603 2.32081 7.44819 1.49976
8.519378 3.494909 3.629155 5.184438 -0.06553852
5.01079 1.933052 2.678753 0.4117511 0.5571412
2.892674 1.24853 0.6302395 4.893811 2.571775
6.066403 0.2663554 2.751318 3.23544 1.792993
0.6305189 7.861168 1.198718 2.426775 3.476547
6.281667 6.257232 8.265527 0.6650262 9.744501
1.271432 5.99455 4.941833 0.8106388 6.660306
2.032207 1.966983 14.50969 6.408455 7.145384
2.207463 4.032727 2.881017 2.418528 11.94676
5.495164 2.632456 6.412105 4.762348 1.368864
1.639259 1.750832 0.5856637 7.63427 2.05755
7.742298 5.53571 1.740006 2.748019 2.764114
1.261723 6.496927 4.96032 3.782343 2.30841
3.085037 2.286027 6.929803 1.636281 4.668776
5.604099 3.217051 4.146047 2.397439 7.031527
0.2487393 4.072644 4.837494 2.390518 5.221431
2.852178 4.185559 4.072531 2.633472 3.556066
3.331062 6.107174 5.437454 3.625291 3.393949
1.29676 2.241446 2.767959 2.239102 3.149892
6.333145 4.053368 2.004292 6.937522 2.431511
0.5977974 1.964047 0.08725065 5.311605 1.989671
2.388355 5.815496 1.468027 4.057698 4.539656
-0.01037289 2.955746 10.2584 -0.2783127 3.885528
4.188134 1.185094 1.24734 5.063875 8.052855
3.593803 6.169576 7.905442 4.77627 3.162461
9.193042 3.915551 3.719905 4.706521 3.093089
11.24341 12.42587 12.93476 3.690062 4.877739
2.27702 2.353974 4.784936 2.580844 8.002682
4.062163 1.835098 2.235046 3.510026 0.2911397
3.902613 3.63498 3.001954 5.363812 1.808266
2.457713 3.941056 4.806915 0.576197 2.31246
3.02765 4.251689 1.204121 1.770733 4.349536
3.742177 2.765846 4.787518 2.173412 3.808755
0.9462773 2.379416 3.728944 2.575523 7.572322
2.479073 12.7032 5.515878 7.09281 10.82675
0.9127512 2.739774 1.338235 1.136494 2.257122
0.8040977 4.128816 1.518154 0.8938361 0.9192056
0.1561269 5.251931 0.7684973 2.919541 2.630576
3.936444 1.753965 5.087678 3.941019 6.219178
5.648779 1.39702 4.897709 3.351819 1.127496
1.934193 5.913023 2.164526 5.61672 4.761777
