8.209464 3.684665 4.529687 2.181453 10.11025
6.157211 9.354444 10.67035 4.450756 6.856785
2.377083 6.520774 4.877823 9.73646 2.429889
2.995499 7.935775 1.779927 13.75191 1.702744
2.809159 4.765239 9.868828 9.281615 7.768756
6.752608 6.704775 8.661589 5.731372 15.23809
11.15703 13.92228 1.784897 4.029608 4.358164
10.50917 5.783876 4.545119 6.320664 6.764478
15.06509 3.791028 10.35484 5.092713 1.069245
3.519503 4.258865 3.0573 1.979119 28.82788
1.487066 6.185169 12.09632 9.918396 3.431152
8.982194 5.565014 1.294698 2.173894 12.05594
5.340681 16.9679 7.427001 18.73478 3.974669
4.501637 3.635269 3.044909 6.368435 4.655643
3.709639 1.739069 3.33079 3.000267 3.348979
8.60302 2.365904 14.02887 1.731231 2.335402
2.07439 0.7178013 1.974375 5.500979 2.898637
10.48089 1.613192 1.276944 5.499473 15.2559
5.364374 9.789192 1.687749 8.122168 3.221018
17.06113 7.075844 3.583505 14.7343 14.67091
1.27219 7.593529 2.009841 3.536906 5.842188
9.171077 4.071115 2.280846 5.032015 3.283068
7.208145 6.844211 1.437708 1.763125 5.237488
4.429459 9.530038 1.924309 1.70048 2.043326
6.096209 1.557235 1.637783 5.357545 2.852291
3.788687 1.379027 5.093342 4.750141 2.71272
5.424896 0.7159445 5.814673 5.979619 3.756667
4.099633 1.648678 5.84116 3.149172 11.10928
4.690838 9.824654 4.95057 5.320677 3.520803
2.877944 2.225297 7.495713 2.303131 6.753285
4.561254 2.358381 4.462906 7.680262 3.218098
0.6264661 5.571717 2.096414 3.573214 6.330158
5.672545 3.697473 8.253036 2.609071 2.616853
2.821488 2.703552 5.107107 6.645813 5.787714
1.345635 2.334282 5.160465 7.438531 5.266681
5.082798 10.4376 18.67881 2.883216 9.884141
0.5967394 4.660134 2.488569 7.914474 12.9375
10.98315 5.789752 5.17787 0.2623123 9.9115
2.40037 4.799179 4.323919 6.638541 7.871638
1.528613 1.970929 2.138398 10.00374 14.75543
7.847385 7.973504 2.889455 10.01766 2.563368
0.9979559 4.189071 1.922341 4.044781 4.950055
4.891905 5.811692 2.982436 6.397046 2.587874
8.111005 1.785042 8.24829 7.611978 4.388883
8.477082 7.146866 4.775303 2.952772 8.548132
5.281902 2.158662 8.586476 2.760453 14.33089
2.536436 7.013571 9.670025 3.406893 7.04938
2.500195 2.904094 1.565902 2.574401 2.136921
4.649686 17.69606 2.847669 1.232309 1.916781
4.261806 2.04872 4.296315 2.282237 8.271819
5.943053 28.03818 7.612219 3.682629 2.509502
7.590459 2.638378 13.78392 10.27566 6.015463
1.621432 5.134141 9.021673 4.061957 12.70566
4.1565 3.886825 4.790284 5.761822 3.924352
10.42672 5.374362 4.739736 1.402462 3.195498
4.486571 5.518346 6.648046 8.201979 5.641305
5.892049 5.977684 8.302989 4.322011 4.676613
6.394865 8.934063 8.864357 4.486384 3.809239
5.032256 6.801307 11.91023 9.168529 1.405022
2.755852 6.340465 2.376841 2.714415 7.281652
2.27411 18.54137 4.672867 11.68713 3.908044
13.99481 6.703608 3.507197 7.163945 5.094282
2.423572 3.694359 8.070015 5.986807 4.917449
9.379581 4.939034 7.199259 1.056969 9.215017
6.896383 3.921175 5.963297 12.6581 6.69846
0.6119653 4.834709 2.324661 3.383 7.843209
6.03157 14.23871 1.294275 5.09122 13.71938
6.669228 7.630257 4.271912 7.227 4.530531
3.189673 0.9020334 2.266547 1.506007 1.539035
9.981196 13.34927 3.455497 4.199229 4.548506
6.041396 14.51238 2.278273 3.458881 4.097192
2.273119 4.954379 5.807156 1.907869 13.1072
8.564929 0.8390236 2.261898 11.65354 12.23002
8.735184 6.30576 4.663359 6.796345 2.868299
3.235235 3.703479 9.468479 3.79997 9.534985
6.597735 2.0271 6.237941 2.613556 10.63624
1.174469 9.00844 5.967681 4.913961 5.910291
8.76728 2.487207 12.31637 4.147216 3.539482
3.830121 3.558305 11.2846 1.97174 6.687215
5.173693 2.120225 6.431727 16.62436 11.29329
14.10964 3.164038 4.023309 6.285661 4.14748
6.062533 5.578661 4.436687 9.796275 6.150107
3.82684 8.834404 4.055087 8.017211 9.86777
3.120798 2.313169 10.33715 3.482267 6.000628
3.211057 1.237214 3.569265 5.012315 4.409551
0.8283812 3.345446 6.419231 5.75328 6.453342
1.774278 9.051502 1.349067 10.80172 2.743611
15.65977 1.911545 8.975648 3.06944 5.932451
7.968797 8.77652 13.73176 0.8264641 6.576372
7.599411 12.20299 0.5040588 2.662853 8.277101
2.780013 5.858406 2.899893 8.438218 2.913823
2.588397 5.169794 4.725597 13.76705 2.641247
12.35698 10.95748 5.972805 8.123568 6.974668
3.60964 9.645301 7.724167 6.975209 4.942601
8.527505 0.8675843 1.406759 9.140461 7.505037
4.510105 7.749833 3.836287 12.80621 1.240703
12.32133 3.961807 10.14323 4.056596 3.593337
12.19355 8.321762 10.04607 1.931641 10.97885
3.51272 3.704712 3.285285 2.468765 4.291751
5.878603 4.064639 4.608472 2.75124 5.596498
6.415213 3.575275 8.66669 5.663508 4.42705
4.40587 5.842135 0.837112 9.745644 4.542
2.996181 3.196206 3.326795 1.110222 16.70126
17.45659 3.549094 7.930631 5.288018 1.584857
2.757624 1.989495 13.69371 3.379018 10.80128
2.870092 3.522197 6.390724 14.14512 6.317339
7.365935 3.010826 6.616239 10.87393 5.889805
1.296383 17.72663 3.739316 3.894955 3.037524
6.64394 0.3003861 3.482074 10.66084 1.443436
2.05219 6.918174 5.800921 3.747288 6.757911
2.6321 5.688302 6.995826 12.11684 3.356542
1.675709 3.259833 10.61426 3.9715 4.926652
0.6237557 3.389758 10.23884 11.97762 0.5766573
8.636818 6.961407 1.543901 10.12405 5.541644
1.643494 12.51489 2.376514 1.095748 3.40103
7.553687 4.27747 3.574387 5.1331 2.379823
1.108981 8.136284 4.313648 9.760229 2.526213
3.86484 4.930195 2.43755 4.754588 9.771815
10.45158 8.155122 2.46303 6.513025 10.27354
13.27955 6.746906 2.739071 2.715623 1.643091
10.2067 4.042636 4.141176 6.605495 1.753863
4.663821 2.800172 4.676028 3.835059 5.361436
7.067575 2.332143 4.274479 13.94352 3.785132
12.00957 1.704602 12.93282 5.032488 3.195742
7.192208 4.915207 7.950643 3.199224 1.471896
4.563854 8.025044 10.47641 11.25579 12.1365
2.904214 0.3946921 14.97357 5.913286 2.400606
9.071825 4.035801 2.839204 8.920398 1.641222
2.26406 5.017689 5.445964 7.168157 5.731537
2.737647 2.820201 7.762734 4.982712 3.254425
10.08906 1.878512 0.791927 5.556779 8.740021
10.00515 6.831506 5.649916 3.955813 3.452603
14.07471 5.453031 7.118355 5.561768 1.880282
4.162428 6.013078 7.731662 3.355923 2.821585
2.084174 2.766532 3.19991 4.880577 7.191914
4.72111 4.479343 13.42532 9.332947 0.9926259
6.823747 20.21517 1.542575 1.480044 2.528177
4.126752 0.6062651 7.197215 10.38715 1.003118
2.896568 7.988223 4.237284 6.775167 10.21063
4.405712 9.139028 5.195665 1.108572 15.131
3.538827 6.04844 6.609015 5.463773 5.532465
3.809007 11.20093 10.53774 13.20099 2.783059
1.904644 4.268528 5.144879 2.245608 20.20152
4.394174 2.861924 4.611927 7.868509 2.917197
5.03146 6.779497 8.738695 9.01423 5.949675
1.767463 3.248478 14.63757 7.705868 1.626774
3.009908 4.645713 4.453566 2.99743 1.951589
4.34179 1.17247 3.333302 17.39132 1.494121
6.851493 12.42746 1.947372 0.3287915 1.994046
5.250684 1.245187 3.962322 10.54586 13.59441
4.577177 4.083101 5.687945 5.400822 8.858109
4.767309 7.797683 10.57489 3.152439 2.665552
2.790539 2.77746 5.760727 2.584583 3.288105
9.33731 11.21803 3.664206 4.587514 9.625341
4.718054 3.466629 14.8506 3.185679 2.402028
3.993363 4.134539 9.499201 2.727244 9.243125
4.975629 8.769873 1.316335 1.935092 4.446146
1.280169 3.45592 8.655526 6.70748 1.363005
5.341408 4.85102 9.265107 10.1823 4.931989
3.374515 15.02377 0.840948 1.420886 1.287108
3.352881 12.51556 9.128672 2.838556 1.714403
2.381243 0.6155806 8.705223 5.949379 6.866846
5.349479 7.228804 10.12486 2.267375 5.197037
8.310134 3.576724 4.362956 7.111286 2.402788
6.971505 3.894452 1.208705 4.55624 7.357453
3.751145 5.458395 0.6905794 9.251491 6.613332
3.647148 4.338845 7.581768 4.393927 3.248059
14.91814 16.1704 3.628808 7.200656 6.385148
0.2400436 10.35197 3.547323 4.68141 2.379843
0.05862553 0.6761092 2.659002 0.94038 4.981721
12.59701 3.657092 4.754808 6.937745 12.76044
2.434234 1.963197 3.934696 3.636229 8.592976
3.298395 3.852182 5.756429 5.513078 4.133958
3.340207 11.56059 3.268465 5.442655 2.796581
5.251358 2.169603 1.747689 4.246289 3.985822
7.537983 4.053418 0.6279859 5.094371 5.373291
7.756806 3.402052 2.486864 12.55725 3.89347
3.120873 4.572067 3.952953 10.15492 2.363422
10.6043 3.423967 2.172374 1.84605 4.26289
4.10598 4.850609 9.872376 11.1214 9.778268
5.126288 2.5907 2.804631 2.657116 10.44746
3.476811 6.676736 1.954579 4.175062 3.863823
1.539207 1.49612 9.39876 5.906106 2.012664
8.087094 6.731378 7.10823 4.893097 3.628888
5.621545 1.133809 2.67823 16.42086 2.908356
3.210037 8.26325 4.586137 9.718931 7.771759
7.963861 2.875937 9.138949 5.458841 5.547596
11.42384 3.762589 10.302 4.874248 2.625288
4.693248 1.618582 1.161829 8.862295 11.92694
4.426744 2.859184 8.631387 7.919287 2.065396
7.486757 5.068599 15.01788 1.675193 17.4266
3.991128 5.56305 0.5576837 4.224512 7.194741
8.332409 3.669041 10.39643 7.494546 0.5498366
8.489781 1.000983 2.158591 2.355415 7.293389
1.973708 4.109015 2.128384 9.049518 7.090543
6.841781 6.833087 2.039129 2.43548 5.615734
4.530904 5.059578 7.949852 3.535354 10.31175
5.220336 5.345559 10.03426 5.014158 10.26267
5.744743 4.521039 0.515171 6.203825 3.872798
3.842941 2.743286 3.36284 15.4734 7.604354
